//First page
//Header
0 0 0 -1 0.0 2.88
0 1 0 -1 2.89 4.88
0 2 0 0 4.881 4.881
0 3 0 0 4.881 4.882
0 4 0 0 4.882 4.883

//First paragraph
0 5 0 -1 7.9 9.496
0 6 0 -1 11.691 13.917
0 7 0 -1 13.918 15.909
0 8 0 -1 16.755 19.098
0 9 0 -1 19.098 21.833
0 10 0 -1 23.919 25.439
0 11 0 -1 27.681 29.202
0 12 0 -1 29.434 31.194
0 13 0 -1 32.92 35.921
0 14 0 -1 36.18 37.991
0 15 0 0 37.992 37.993

//Second paragraph
0 16 0 -1 38.459 40.457
0 17 0 -1 40.458 42.259
0 18 0 -1 42.430 44.442
0 19 0 -1 44.443 46.241
0 20 0 -1 46.440 48.431
0 21 0 -1 48.446 50.409
0 22 0 -1 50.432 52.050
0 23 0 -1 52.051 53.667
0 24 0 0 53.668 53.669 //Nice

//Second page
//Header
1 0 0 -1 54.76 55.3
1 1 0 -1 55.31 56.4
1 2 0 0 56.41 56.42
1 3 0 -1 57.12 59.4
1 4 0 0 59.41 59.42

//Text
1 5 0 -1 59.656 61.443
1 6 0 -1 63.937 67.202
1 7 0 -1 68.915 72.411
1 8 0 -1 72.412 73.753
1 9 0 -1 75.684 77.424
1 10 0 20 79.683 81.203
1 10 21 25 81.422 82.049
1 10 26 -1 82.393 83.162
1 11 0 -1 84.915 88.07
1 12 0 -1 88.264 90.005
1 13 0 -1 90.393 92.402
1 14 0 -1 92.403 94.489
1 15 0 -1 94.490 96.449
1 16 0 -1 96.450 98.346
1 17 0 -1 98.373 100.433
1 18 0 -1 100.434 102.439
1 19 0 -1 102.440 104.133
1 20 0 -1 104.134 105.479
1 21 0 0 105.480 105.481

//Third page
//Header
2 0 0 -1 107.240 107.700
2 1 0 -1 107.720 109.040
2 2 0 0 109.041 109.042
2 3 0 -1 109.800 111.880
2 4 0 0 111.881 111.882

//Text
2 5 0 -1 111.905 113.914
2 6 0 -1 115.671 119.423
2 7 0 -1 120.913 124.416
2 8 0 -1 124.417 125.697
2 9 0 10 127.922 128.706
2 9 11 -1 128.776 131.400
2 10 0 15 131.939 133.220
2 10 16 -1 134.401 135.414
2 11 0 5 136.923 138.379
2 11 6 -1 138.440 140.048
2 12 0 -1 140.197 142.084
2 13 0 -1 142.438 144.444
2 14 0 -1 144.445 146.406
2 15 0 -1 146.443 148.116
2 16 0 -1 148.117 150.457
2 17 0 -1 150.458 152.400
2 18 0 -1 152.401 154.443
2 19 0 -1 154.509 156.041
2 20 0 -1 156.044 157.92
2 21 0 0 157.921 157.922

//Fourth page
//Header
3 0 0 0 158.08 158.081
3 1 0 0 158.16 158.161
3 2 0 0 158.2 158.21

//First paragraph
3 3 0 3 158.28 158.41
3 3 4 -1 158.418 160.075
3 4 0 -1 160.11 161.235
3 5 0 -1 162.211 164.116
3 6 0 -1 164.117 165.442
3 7 0 -1 166.185 168.132
3 8 0 -1 168.133 169.294
3 9 0 0 169.295 169.296

//Second paragraph
3 10 0 -1 169.297 170.446
3 11 0 -1 170.447 172.031
3 12 0 -1 172.032 173.221
3 13 0 0 173.222 173.223

//Third paragraph
3 14 0 -1 173.224 174.216
3 15 0 -1 174.217 176.098
3 16 0 -1 176.099 177.268
3 17 0 0 177.3 177.301

//Fourth paragraph
3 18 0 -1 178.067 179.273
3 19 0 0 179.274 179.275

//Fifth page (empty)
4 0 0 0 179.3 179.301

#Credits

0 0 0 -1 9.92 10.88
0 1 0 0 10.881 11.039
0 2 0 0 11.04 11.119
0 3 0 -1 11.12 11.959
0 4 0 -1 11.96 12.719
0 5 0 -1 12.72 13.559
0 6 0 -1 13.56 14.519
0 7 0 -1 14.52 15.359
0 8 0 -1 15.36 16.159
0 9 0 -1 16.16 17.159
0 10 0 -1 17.16 17.799
0 11 0 -1 17.80 18.639
0 12 0 -1 18.64 19.399
0 13 0 -1 19.40 20.359
0 14 0 -1 20.36 21.319
0 15 0 -1 21.32 23.039
0 16 0 -1 23.04 23.919
0 17 0 -1 23.92 24.599
0 18 0 -1 24.60 25.279
0 19 0 -1 25.28 26.319
0 20 0 -1 26.32 27.279
0 21 0 -1 27.28 28.239
0 22 0 -1 28.24 29.159
0 23 0 -1 29.16 30.079
0 24 0 -1 30.08 30.839
0 25 0 -1 30.84 31.879
0 26 0 -1 31.88 32.839
0 27 0 -1 32.84 33.679
0 28 0 -1 33.68 34.359
0 29 0 -1 34.36 35.119
0 30 0 -1 35.12 35.559
0 31 0 -1 35.60 36.199
0 32 0 -1 36.20 37.199
0 33 0 -1 37.20 37.999
0 34 0 -1 38.00 38.839
0 34 0 -1 38.84 39.559
0 35 0 -1 39.56 40.479
0 36 0 -1 40.48 41.159
0 37 0 -1 41.16 41.839
0 38 0 -1 41.84 42.919
0 39 0 -1 42.92 43.479
0 40 0 -1 43.48 44.439
0 41 0 -1 44.44 45.199
0 42 0 -1 45.20 45.959
0 43 0 -1 45.96 46.719
0 44 0 -1 46.72 47.599
0 45 0 -1 47.60 48.279
0 46 0 -1 48.28 49.039
0 47 0 -1 49.04 49.959
0 48 0 -1 49.96 50.759
0 49 0 -1 50.76 51.639
0 50 0 -1 51.64 52.479
0 51 0 -1 52.48 53.639
0 52 0 -1 53.64 54.479
0 53 0 -1 54.48 55.399
0 54 0 -1 55.40 56.199
0 55 0 -1 56.20 56.959
0 56 0 -1 56.96 57.999
0 57 0 -1 58.00 58.799
0 58 0 -1 58.80 59.679
0 59 0 -1 59.68 60.639
0 60 0 -1 60.64 61.399
0 61 0 -1 61.40 62.279
0 62 0 -1 62.28 62.759
0 63 0 -1 62.76 63.439
0 64 0 -1 63.44 64.319
0 65 0 -1 64.32 65.279
0 66 0 -1 65.28 66.199
0 67 0 -1 66.20 66.879
0 68 0 -1 66.88 67.719
0 69 0 -1 67.82 68.679
0 70 0 -1 68.68 69.559
0 71 0 -1 69.56 70.399
0 72 0 -1 70.40 71.279
0 73 0 -1 71.28 72.159
0 74 0 -1 72.16 73.079
0 75 0 -1 73.08 73.919
0 76 0 -1 73.92 74.759
0 77 0 -1 74.76 75.679
0 78 0 -1 75.68 76.559
0 79 0 -1 76.56 77.679
0 80 0 -1 77.68 78.399
0 81 0 -1 78.40 79.239
0 82 0 -1 79.24 79.839
0 83 0 -1 79.84 80.559
0 84 0 -1 80.56 81.239
0 85 0 -1 81.24 82.159
0 86 0 -1 82.16 82.959
0 87 0 -1 82.96 83.559
0 88 0 -1 83.56 84.439
0 89 0 -1 84.44 85.359
0 90 0 -1 85.36 86.159
0 91 0 -1 86.16 87.039
0 92 0 -1 87.04 87.959
0 93 0 -1 87.96 88.719
0 94 0 -1 88.72 89.319
0 95 0 -1 89.32 90.199
0 96 0 -1 90.20 91.119
0 97 0 -1 91.12 92.119
0 98 0 -1 92.12 92.999
0 99 0 -1 93.00 94.039
0 100 0 -1 94.04 95.039
0 101 0 -1 95.04 95.999
0 102 0 -1 96.00 96.839
0 103 0 -1 96.84 97.839
0 104 0 -1 97.84 98.599
0 105 0 -1 98.60 99.639
//Gabe Newell
0 106 0 -1 99.64 100.399
0 107 0 -1 100.40 101.119
0 108 0 -1 101.12 102.079
0 109 0 -1 102.08 102.919
0 110 0 -1 102.92 103.799
0 111 0 -1 103.80 104.559
0 112 0 -1 104.56 105.159
0 113 0 -1 105.16 106.279
0 114 0 -1 106.28 107.319
0 115 0 -1 107.32 108.039
0 116 0 -1 108.04 108.959
0 117 0 -1 108.96 109.719
0 118 0 -1 109.72 110.439
0 119 0 -1 110.44 111.479
0 120 0 -1 111.48 112.319
0 121 0 -1 112.32 113.119
0 122 0 -1 113.12 114.039
0 123 0 -1 114.04 114.719
0 124 0 -1 114.72 115.599
0 125 0 -1 115.60 116.399
0 126 0 -1 116.40 117.439
0 127 0 -1 117.44 118.399
0 128 0 -1 118.40 119.119
0 129 0 -1 119.12 119.999
0 130 0 -1 120.00 120.879
0 131 0 -1 120.88 121.599
0 132 0 -1 121.60 122.399
0 133 0 -1 122.40 123.159
0 134 0 -1 123.16 123.799
0 135 0 -1 123.80 124.759
0 136 0 -1 124.76 125.559
0 137 0 -1 125.56 126.319
0 138 0 -1 126.32 127.119
0 139 0 -1 127.12 128.079
0 140 0 -1 128.08 129.039
0 141 0 -1 129.04 129.879
0 142 0 -1 129.88 130.719
0 143 0 -1 130.72 131.519
0 144 0 -1 131.52 132.559
0 145 0 -1 132.56 133.399
0 146 0 -1 133.40 134.119
0 147 0 -1 134.12 134.759
0 148 0 -1 134.76 135.559
0 149 0 -1 135.56 136.479
0 150 0 -1 136.48 137.239
0 151 0 -1 137.24 138.119
0 152 0 -1 138.12 139.079
0 153 0 -1 139.08 139.159
0 154 0 -1 139.16 139.239
0 155 0 -1 139.24 139.279
0 156 0 -1 139.28 139.319
0 157 0 -1 139.32 139.359
0 158 0 -1 139.36 140.519
0 159 0 -1 140.52 141.639
0 160 0 -1 141.64 141.679
0 161 0 -1 141.68 141.719
0 162 0 -1 141.72 141.799
0 163 0 -1 141.80 142.319
0 164 0 -1 142.32 144.359
0 165 0 -1 144.36 146.439
0 166 0 -1 146.44 146.519
0 167 0 -1 146.52 146.559
0 168 0 -1 146.56 146.639
0 169 0 -1 146.64 147.559
//The wierd (maybe multiline) name combination
0 170 0 -1 147.56 149.639
0 171 0 -1 149.64 149.719
0 172 0 -1 149.72 149.759
0 173 0 -1 149.76 149.839
0 174 0 -1 149.84 149.919
0 175 0 -1 149.92 150.959
0 176 0 -1 150.96 152.559
0 177 0 -1 152.56 152.679
0 178 0 -1 152.68 152.759
0 179 0 -1 152.76 152.799
0 180 0 -1 152.80 152.879
0 181 0 -1 152.88 153.919
0 182 0 -1 153.92 155.599
0 183 0 -1 155.60 157.239
0 184 0 -1 157.24 157.359
0 185 0 -1 157.36 157.399
0 186 0 -1 157.40 157.479
0 187 0 -1 157.48 157.559
0 188 0 -1 157.56 158.399
0 189 0 -1 158.40 158.599
0 190 0 -1 158.60 158.679
0 191 0 -1 158.68 158.759
0 192 0 -1 158.76 158.839
0 193 0 -1 158.84 158.919
0 194 0 -1 158.92 160.039
0 195 0 -1 160.04 160.839
0 196 0 -1 160.84 161.919
0 197 0 -1 161.92 162.879
0 198 0 -1 162.88 163.959
0 199 0 -1 163.96 164.959
0 200 0 -1 164.96 165.879
0 201 0 -1 165.88 165.999
0 202 0 -1 166.00 166.039
0 203 0 -1 166.04 166.079
0 204 0 -1 166.08 168.399
0 205 0 -1 168.40 170.039
0 206 0 -1 170.04 170.079
0 207 0 -1 170.08 170.159
0 208 0 -1 170.16 170.239
0 209 0 -1 170.24 172.279
0 210 0 -1 172.28 172.879
0 211 0 -1 172.88 173.119
0 212 0 -1 173.12 173.399
0 213 0 -1 173.40 174.519
0 214 0 -1 174.52 174.839
0 215 0 -1 174.84 175.439
0 216 0 -1 175.44 177.639
0 217 0 -1 177.64 177.719
0 218 0 -1 177.72 177.759
0 219 0 -1 177.76 177.879
0 220 0 -1 177.88 177.919
0 221 0 -1 177.92 177.999
0 222 0 -1 178.00 178.079
0 223 0 -1 178.08 178.119
0 224 0 -1 178.12 178.159
0 225 0 -1 178.16 178.239
0 226 0 -1 178.24 180.119
0 227 0 -1 180.12 180.599
0 228 0 -1 180.60 182.519
0 229 0 -1 182.52 182.559
0 230 0 -1 182.56 182.639
0 231 0 -1 182.64 182.719
0 232 0 -1 182.72 182.759
0 233 0 -1 182.76 182.879
0 234 0 -1 182.88 182.919
0 235 0 -1 182.92 182.999

#Logos

0 0 0 0 23.918 23.919 //Dummy to trigger transition at the right time
0 0 0 0 23.919 36.179
1 0 0 0 36.18 38.458
0 0 0 0 38.459 46.439
2 0 0 0 46.440 50.431
0 0 0 0 50.432 70.719
3 0 0 0 70.72 75.683
6 0 0 0 75.684 82.392
4 0 0 0 82.393 88.263
5 0 0 0 88.264 98.372
6 0 0 0 98.373 100.433
2 0 0 0 100.434 102.439
0 0 0 0 102.44 128.443
7 0 0 0 128.444 138.439
8 0 0 0 138.44 142.437
9 0 0 0 142.438 144.444
1 0 0 0 144.445 146.442
0 0 0 0 146.443 150.457
2 0 0 0 150.458 152.4
6 0 0 0 152.401 154.508
0 0 0 0 154.509 184.831